164
141
58.674604
0.0661 0.0347 0.0393 0.0620 0.0117 0.0209 0.0713 0.0239 0.0149 0.0497 0.0978 0.0507 0.0180 0.0383 0.0229 0.0581 0.0284 0.0047 0.0427 0.0349 0.2091
0.013 0.013 0.013 0.013 0.013 0.013 0.013 0.013 0.013 0.013 0.013 0.013 0.013 0.013 0.013 0.014 0.013 0.013 0.013 0.013 0.747  0.4344
0.013 0.013 0.014 0.013 0.013 0.013 0.013 0.013 0.013 0.013 0.013 0.013 0.013 0.013 0.013 0.013 0.013 0.013 0.013 0.013 0.747  0.4344
0.014 0.013 0.019 0.013 0.013 0.013 0.013 0.013 0.013 0.013 0.013 0.017 0.013 0.013 0.013 0.025 0.013 0.013 0.013 0.013 0.724  0.4630
0.013 0.013 0.014 0.019 0.013 0.013 0.013 0.013 0.013 0.017 0.027 0.013 0.072 0.027 0.013 0.020 0.013 0.013 0.018 0.013 0.636  0.5527
0.014 0.013 0.025 0.013 0.013 0.013 0.021 0.013 0.013 0.072 0.038 0.041 0.097 0.013 0.021 0.013 0.025 0.013 0.048 0.013 0.472  0.6989
0.029 0.013 0.073 0.025 0.013 0.014 0.041 0.019 0.013 0.013 0.015 0.089 0.048 0.013 0.016 0.064 0.051 0.013 0.013 0.013 0.415  0.7471
0.013 0.091 0.079 0.013 0.013 0.025 0.023 0.014 0.016 0.053 0.025 0.054 0.013 0.013 0.013 0.064 0.033 0.013 0.013 0.024 0.398  0.7607
0.013 0.016 0.021 0.013 0.013 0.013 0.025 0.013 0.013 0.028 0.059 0.203 0.036 0.013 0.021 0.036 0.016 0.013 0.025 0.016 0.398  0.7162
0.013 0.026 0.069 0.028 0.014 0.013 0.053 0.013 0.013 0.013 0.019 0.050 0.013 0.013 0.013 0.141 0.059 0.013 0.013 0.022 0.392  0.7444
0.048 0.017 0.020 0.038 0.013 0.013 0.068 0.013 0.013 0.042 0.043 0.070 0.013 0.013 0.013 0.038 0.051 0.013 0.013 0.081 0.373  0.7856
0.023 0.013 0.061 0.100 0.013 0.042 0.112 0.013 0.025 0.019 0.025 0.055 0.013 0.013 0.013 0.059 0.014 0.013 0.016 0.013 0.348  0.7837
0.019 0.013 0.025 0.033 0.013 0.113 0.174 0.013 0.013 0.025 0.013 0.090 0.013 0.013 0.013 0.013 0.017 0.013 0.013 0.019 0.348  0.7401
0.013 0.013 0.019 0.016 0.013 0.013 0.013 0.013 0.013 0.043 0.371 0.013 0.013 0.013 0.013 0.014 0.013 0.013 0.013 0.013 0.348  0.6231
0.050 0.030 0.013 0.013 0.013 0.021 0.025 0.013 0.013 0.188 0.025 0.031 0.013 0.027 0.013 0.014 0.013 0.025 0.013 0.102 0.348  0.7518
0.031 0.028 0.016 0.079 0.013 0.013 0.144 0.013 0.013 0.020 0.050 0.088 0.014 0.013 0.013 0.050 0.022 0.013 0.013 0.021 0.336  0.7809
0.013 0.013 0.013 0.013 0.013 0.025 0.055 0.191 0.025 0.139 0.013 0.025 0.013 0.016 0.013 0.025 0.025 0.013 0.013 0.013 0.336  0.7387
0.013 0.013 0.013 0.013 0.013 0.013 0.013 0.013 0.013 0.128 0.262 0.013 0.025 0.013 0.013 0.013 0.013 0.013 0.013 0.049 0.336  0.6897
0.035 0.013 0.085 0.136 0.013 0.037 0.083 0.013 0.013 0.029 0.038 0.054 0.014 0.013 0.013 0.014 0.028 0.013 0.013 0.013 0.336  0.7845
0.025 0.032 0.084 0.064 0.015 0.038 0.025 0.014 0.013 0.013 0.038 0.014 0.013 0.021 0.013 0.173 0.025 0.013 0.013 0.025 0.333  0.7795
0.013 0.013 0.013 0.013 0.013 0.013 0.013 0.025 0.013 0.031 0.066 0.013 0.063 0.063 0.013 0.013 0.013 0.025 0.232 0.013 0.333  0.7352
0.016 0.025 0.038 0.013 0.013 0.020 0.025 0.018 0.013 0.088 0.215 0.013 0.025 0.021 0.013 0.013 0.013 0.019 0.013 0.023 0.367  0.7267
0.031 0.013 0.025 0.025 0.013 0.048 0.084 0.013 0.017 0.020 0.021 0.074 0.017 0.013 0.013 0.021 0.035 0.013 0.013 0.013 0.480  0.6999
0.013 0.013 0.183 0.013 0.013 0.032 0.013 0.013 0.030 0.013 0.013 0.015 0.013 0.017 0.013 0.013 0.013 0.013 0.068 0.013 0.480  0.6440
0.015 0.013 0.013 0.013 0.013 0.025 0.013 0.267 0.013 0.013 0.013 0.013 0.013 0.013 0.013 0.013 0.013 0.013 0.013 0.013 0.480  0.5891
0.013 0.013 0.013 0.013 0.027 0.013 0.013 0.013 0.013 0.013 0.025 0.013 0.013 0.013 0.013 0.013 0.013 0.013 0.258 0.013 0.476  0.6002
0.027 0.013 0.013 0.013 0.013 0.013 0.013 0.013 0.013 0.079 0.100 0.013 0.013 0.025 0.013 0.013 0.021 0.013 0.013 0.092 0.480  0.6714
0.013 0.013 0.065 0.159 0.013 0.025 0.068 0.013 0.016 0.013 0.013 0.013 0.013 0.013 0.013 0.025 0.025 0.013 0.013 0.013 0.455  0.6792
0.070 0.013 0.013 0.013 0.013 0.025 0.044 0.013 0.013 0.090 0.025 0.013 0.025 0.013 0.099 0.030 0.013 0.013 0.013 0.013 0.442  0.7130
0.013 0.021 0.114 0.101 0.013 0.013 0.020 0.013 0.019 0.013 0.067 0.025 0.029 0.013 0.013 0.014 0.013 0.018 0.033 0.013 0.425  0.7206
0.015 0.013 0.013 0.013 0.013 0.013 0.013 0.013 0.014 0.013 0.013 0.013 0.013 0.013 0.013 0.297 0.013 0.013 0.049 0.013 0.424  0.6155
0.013 0.013 0.013 0.013 0.013 0.013 0.013 0.013 0.013 0.038 0.026 0.013 0.013 0.219 0.036 0.019 0.014 0.013 0.035 0.038 0.424  0.6803
0.013 0.013 0.085 0.126 0.013 0.013 0.157 0.025 0.013 0.013 0.013 0.013 0.013 0.013 0.013 0.025 0.025 0.013 0.013 0.013 0.381  0.7147
0.014 0.013 0.098 0.355 0.013 0.013 0.070 0.031 0.013 0.013 0.013 0.013 0.013 0.013 0.013 0.013 0.013 0.013 0.035 0.013 0.222  0.7120
0.017 0.013 0.042 0.013 0.038 0.013 0.024 0.036 0.013 0.013 0.038 0.013 0.013 0.013 0.210 0.022 0.013 0.013 0.013 0.013 0.422  0.6882
0.094 0.033 0.054 0.096 0.013 0.013 0.062 0.013 0.013 0.059 0.072 0.013 0.017 0.104 0.017 0.033 0.013 0.013 0.064 0.025 0.185  0.8842
0.025 0.038 0.021 0.273 0.013 0.013 0.183 0.013 0.014 0.013 0.013 0.030 0.013 0.076 0.013 0.023 0.013 0.013 0.028 0.013 0.164  0.7739
0.050 0.013 0.029 0.113 0.013 0.038 0.346 0.016 0.013 0.073 0.013 0.019 0.013 0.013 0.013 0.013 0.016 0.013 0.013 0.050 0.126  0.7707
0.450 0.013 0.013 0.013 0.013 0.013 0.013 0.013 0.013 0.013 0.038 0.013 0.038 0.013 0.013 0.053 0.091 0.013 0.013 0.070 0.084  0.7043
0.162 0.013 0.028 0.037 0.013 0.013 0.040 0.023 0.013 0.038 0.064 0.013 0.013 0.073 0.025 0.091 0.186 0.013 0.013 0.050 0.084  0.8678
0.032 0.029 0.052 0.166 0.038 0.013 0.144 0.013 0.020 0.022 0.025 0.038 0.013 0.038 0.025 0.142 0.060 0.013 0.041 0.013 0.065  0.8843
0.453 0.013 0.025 0.013 0.041 0.013 0.013 0.013 0.013 0.013 0.021 0.013 0.013 0.013 0.013 0.013 0.027 0.025 0.168 0.038 0.053  0.6864
0.013 0.013 0.013 0.013 0.013 0.013 0.013 0.013 0.013 0.056 0.652 0.013 0.025 0.013 0.013 0.013 0.013 0.013 0.013 0.013 0.053  0.5330
0.039 0.086 0.091 0.039 0.025 0.013 0.013 0.082 0.014 0.031 0.079 0.013 0.046 0.031 0.013 0.115 0.130 0.013 0.013 0.065 0.053  0.9107
0.054 0.013 0.022 0.036 0.013 0.039 0.418 0.013 0.013 0.046 0.025 0.060 0.030 0.013 0.013 0.033 0.052 0.013 0.025 0.018 0.053  0.7667
0.013 0.013 0.013 0.013 0.013 0.013 0.013 0.013 0.013 0.025 0.694 0.013 0.013 0.013 0.014 0.013 0.013 0.013 0.013 0.013 0.053  0.4913
0.050 0.033 0.015 0.047 0.025 0.027 0.049 0.080 0.050 0.025 0.066 0.043 0.044 0.033 0.013 0.191 0.025 0.050 0.068 0.013 0.053  0.9274
0.043 0.069 0.061 0.056 0.019 0.031 0.078 0.013 0.046 0.065 0.055 0.047 0.042 0.038 0.013 0.125 0.013 0.013 0.038 0.097 0.040  0.9433
0.017 0.322 0.013 0.028 0.013 0.022 0.026 0.013 0.032 0.141 0.139 0.079 0.013 0.013 0.013 0.013 0.019 0.013 0.013 0.022 0.040  0.7742
0.050 0.069 0.167 0.344 0.013 0.013 0.035 0.013 0.025 0.013 0.013 0.056 0.013 0.013 0.013 0.050 0.025 0.013 0.013 0.013 0.040  0.7714
0.023 0.050 0.021 0.025 0.013 0.060 0.051 0.034 0.038 0.058 0.014 0.094 0.014 0.013 0.146 0.249 0.016 0.013 0.013 0.017 0.040  0.8494
0.076 0.039 0.039 0.053 0.013 0.073 0.144 0.063 0.021 0.020 0.029 0.094 0.013 0.013 0.118 0.064 0.035 0.013 0.025 0.029 0.028  0.9173
0.067 0.119 0.025 0.015 0.041 0.014 0.043 0.014 0.027 0.055 0.190 0.132 0.025 0.013 0.013 0.054 0.036 0.013 0.031 0.046 0.028  0.8868
0.394 0.013 0.013 0.013 0.151 0.013 0.013 0.053 0.013 0.025 0.013 0.013 0.013 0.025 0.013 0.047 0.076 0.013 0.013 0.054 0.025  0.7361
0.175 0.052 0.025 0.025 0.036 0.013 0.162 0.038 0.013 0.017 0.187 0.038 0.035 0.043 0.013 0.022 0.028 0.013 0.013 0.030 0.025  0.8526
0.061 0.013 0.029 0.061 0.013 0.069 0.175 0.029 0.033 0.039 0.033 0.066 0.036 0.064 0.086 0.047 0.050 0.013 0.024 0.033 0.025  0.9299
0.025 0.013 0.013 0.013 0.013 0.015 0.013 0.013 0.014 0.075 0.144 0.038 0.024 0.162 0.013 0.013 0.076 0.013 0.173 0.115 0.025  0.8319
0.242 0.049 0.025 0.013 0.227 0.013 0.013 0.081 0.013 0.013 0.019 0.025 0.013 0.013 0.013 0.094 0.038 0.013 0.050 0.013 0.025  0.7976
0.016 0.097 0.025 0.013 0.017 0.044 0.025 0.025 0.019 0.072 0.119 0.286 0.038 0.013 0.013 0.029 0.021 0.065 0.021 0.019 0.025  0.8373
0.038 0.144 0.039 0.124 0.013 0.074 0.109 0.013 0.013 0.025 0.056 0.172 0.017 0.013 0.013 0.032 0.025 0.013 0.013 0.031 0.025  0.8662
0.025 0.013 0.013 0.013 0.013 0.013 0.013 0.013 0.013 0.555 0.067 0.013 0.013 0.054 0.013 0.025 0.019 0.013 0.013 0.067 0.025  0.6280
0.013 0.013 0.013 0.013 0.013 0.013 0.013 0.013 0.013 0.125 0.571 0.013 0.023 0.013 0.013 0.013 0.013 0.013 0.013 0.055 0.025  0.5909
0.069 0.060 0.071 0.045 0.014 0.028 0.236 0.046 0.014 0.025 0.033 0.037 0.025 0.013 0.013 0.048 0.084 0.025 0.050 0.038 0.025  0.8963
0.038 0.063 0.115 0.071 0.013 0.045 0.089 0.064 0.018 0.013 0.024 0.055 0.013 0.025 0.013 0.225 0.052 0.013 0.013 0.016 0.025  0.8722
0.017 0.014 0.030 0.053 0.013 0.013 0.084 0.019 0.016 0.013 0.025 0.068 0.013 0.013 0.050 0.060 0.026 0.013 0.013 0.019 0.430  0.7401
0.053 0.031 0.121 0.116 0.013 0.051 0.052 0.054 0.028 0.024 0.048 0.063 0.013 0.039 0.050 0.060 0.031 0.013 0.025 0.064 0.050  0.9464
0.028 0.042 0.021 0.025 0.013 0.015 0.063 0.038 0.038 0.172 0.138 0.110 0.016 0.028 0.026 0.041 0.025 0.013 0.013 0.082 0.054  0.8945
0.053 0.028 0.045 0.056 0.029 0.030 0.025 0.406 0.030 0.016 0.013 0.019 0.016 0.026 0.013 0.042 0.038 0.025 0.041 0.032 0.017  0.7887
0.013 0.013 0.132 0.540 0.013 0.013 0.025 0.038 0.013 0.013 0.013 0.013 0.013 0.013 0.013 0.035 0.013 0.013 0.013 0.013 0.042  0.6207
0.069 0.106 0.023 0.192 0.020 0.025 0.140 0.061 0.056 0.018 0.014 0.033 0.013 0.013 0.050 0.019 0.019 0.013 0.029 0.074 0.013  0.8763
0.016 0.013 0.013 0.013 0.013 0.025 0.041 0.013 0.055 0.013 0.049 0.013 0.013 0.207 0.013 0.033 0.013 0.038 0.374 0.025 0.013  0.7298
0.013 0.013 0.013 0.013 0.013 0.013 0.013 0.013 0.013 0.046 0.439 0.013 0.013 0.195 0.013 0.013 0.013 0.013 0.075 0.044 0.013  0.6677
0.025 0.135 0.025 0.063 0.013 0.239 0.013 0.013 0.025 0.013 0.025 0.250 0.013 0.013 0.013 0.013 0.025 0.013 0.013 0.050 0.013  0.7717
0.414 0.013 0.013 0.013 0.013 0.013 0.013 0.077 0.013 0.013 0.013 0.013 0.013 0.013 0.013 0.274 0.021 0.013 0.013 0.013 0.013  0.6349
0.155 0.059 0.013 0.013 0.038 0.036 0.013 0.044 0.024 0.029 0.045 0.013 0.050 0.076 0.013 0.148 0.154 0.013 0.025 0.030 0.013  0.8757
0.447 0.013 0.013 0.013 0.228 0.013 0.013 0.013 0.013 0.038 0.013 0.013 0.013 0.013 0.013 0.016 0.013 0.013 0.013 0.070 0.013  0.6408
0.013 0.013 0.013 0.013 0.013 0.013 0.013 0.013 0.013 0.088 0.451 0.013 0.048 0.149 0.013 0.013 0.013 0.038 0.025 0.025 0.013  0.6833
0.019 0.063 0.129 0.172 0.013 0.014 0.139 0.085 0.053 0.013 0.020 0.016 0.017 0.013 0.013 0.147 0.013 0.013 0.026 0.013 0.013  0.8359
0.013 0.056 0.014 0.035 0.013 0.013 0.025 0.013 0.075 0.069 0.061 0.013 0.025 0.093 0.013 0.054 0.121 0.015 0.048 0.220 0.013  0.8655
0.013 0.013 0.013 0.013 0.025 0.013 0.013 0.013 0.013 0.098 0.591 0.013 0.013 0.058 0.013 0.013 0.013 0.013 0.015 0.025 0.013  0.5829
0.013 0.013 0.025 0.025 0.013 0.013 0.013 0.013 0.013 0.022 0.209 0.013 0.016 0.278 0.013 0.025 0.013 0.013 0.237 0.013 0.013  0.7111
0.013 0.013 0.013 0.013 0.013 0.013 0.013 0.013 0.013 0.013 0.207 0.013 0.015 0.013 0.013 0.013 0.013 0.013 0.013 0.013 0.553  0.5598
0.013 0.013 0.013 0.013 0.013 0.013 0.013 0.013 0.013 0.013 0.013 0.013 0.013 0.013 0.013 0.209 0.013 0.013 0.013 0.013 0.553  0.5579
0.013 0.063 0.031 0.230 0.025 0.037 0.133 0.038 0.038 0.025 0.013 0.025 0.013 0.050 0.015 0.165 0.013 0.013 0.025 0.025 0.013  0.8403
0.052 0.013 0.194 0.251 0.014 0.036 0.139 0.017 0.053 0.013 0.016 0.025 0.013 0.013 0.013 0.059 0.013 0.013 0.031 0.013 0.013  0.7968
0.013 0.175 0.019 0.025 0.013 0.077 0.050 0.013 0.035 0.027 0.046 0.113 0.013 0.043 0.115 0.020 0.038 0.129 0.013 0.013 0.013  0.8729
0.032 0.051 0.076 0.075 0.017 0.043 0.193 0.052 0.033 0.013 0.031 0.093 0.018 0.016 0.091 0.101 0.016 0.013 0.013 0.013 0.013  0.8856
0.107 0.066 0.013 0.060 0.014 0.044 0.067 0.013 0.028 0.014 0.045 0.120 0.013 0.051 0.013 0.025 0.025 0.037 0.206 0.026 0.013  0.8797
0.584 0.013 0.013 0.013 0.013 0.013 0.013 0.024 0.013 0.013 0.025 0.013 0.025 0.025 0.013 0.044 0.051 0.013 0.013 0.058 0.013  0.6076
0.025 0.013 0.013 0.013 0.013 0.013 0.013 0.013 0.013 0.175 0.232 0.020 0.056 0.157 0.013 0.013 0.038 0.013 0.054 0.093 0.013  0.7976
0.038 0.025 0.108 0.214 0.013 0.074 0.162 0.019 0.033 0.013 0.053 0.035 0.013 0.013 0.013 0.069 0.031 0.025 0.013 0.025 0.013  0.8537
0.013 0.013 0.013 0.013 0.046 0.013 0.013 0.013 0.013 0.030 0.048 0.013 0.016 0.147 0.013 0.023 0.013 0.013 0.502 0.025 0.013  0.6504
0.075 0.013 0.013 0.013 0.013 0.013 0.013 0.013 0.013 0.262 0.225 0.013 0.137 0.016 0.013 0.013 0.013 0.013 0.013 0.097 0.013  0.7452
0.048 0.053 0.099 0.025 0.033 0.031 0.050 0.028 0.013 0.066 0.074 0.131 0.028 0.013 0.013 0.110 0.063 0.013 0.056 0.042 0.013  0.9260
0.039 0.069 0.097 0.052 0.015 0.093 0.144 0.024 0.041 0.013 0.013 0.140 0.013 0.013 0.014 0.109 0.058 0.013 0.013 0.016 0.013  0.8764
0.019 0.099 0.253 0.013 0.013 0.083 0.050 0.013 0.176 0.025 0.025 0.056 0.038 0.013 0.025 0.016 0.016 0.013 0.033 0.013 0.013  0.8215
0.215 0.025 0.013 0.013 0.013 0.013 0.024 0.013 0.049 0.047 0.059 0.069 0.013 0.013 0.039 0.087 0.026 0.013 0.062 0.171 0.025  0.8536
0.139 0.046 0.052 0.079 0.013 0.043 0.153 0.041 0.045 0.013 0.032 0.058 0.044 0.013 0.025 0.046 0.064 0.013 0.014 0.041 0.026  0.9182
0.041 0.048 0.118 0.112 0.014 0.046 0.076 0.040 0.073 0.019 0.025 0.063 0.019 0.013 0.022 0.102 0.080 0.025 0.014 0.035 0.014  0.9244
0.114 0.013 0.013 0.013 0.094 0.013 0.025 0.013 0.013 0.086 0.238 0.013 0.138 0.050 0.013 0.018 0.025 0.017 0.013 0.069 0.013  0.8232
0.031 0.013 0.045 0.175 0.013 0.038 0.074 0.065 0.075 0.013 0.050 0.013 0.013 0.013 0.055 0.244 0.023 0.013 0.013 0.013 0.013  0.8310
0.117 0.020 0.013 0.025 0.013 0.013 0.025 0.025 0.029 0.156 0.053 0.025 0.013 0.025 0.148 0.059 0.056 0.013 0.025 0.137 0.013  0.8687
0.089 0.025 0.025 0.013 0.013 0.036 0.038 0.013 0.058 0.044 0.028 0.016 0.013 0.013 0.227 0.052 0.027 0.013 0.213 0.033 0.013  0.8305
0.025 0.013 0.013 0.025 0.025 0.013 0.116 0.013 0.013 0.140 0.204 0.013 0.013 0.027 0.047 0.048 0.054 0.013 0.013 0.162 0.013  0.8268
0.013 0.029 0.013 0.013 0.013 0.013 0.013 0.013 0.013 0.040 0.652 0.013 0.013 0.050 0.013 0.013 0.016 0.013 0.013 0.025 0.013  0.5395
0.013 0.069 0.108 0.035 0.013 0.040 0.130 0.198 0.013 0.025 0.025 0.119 0.013 0.013 0.013 0.074 0.025 0.013 0.013 0.038 0.013  0.8542
0.156 0.013 0.016 0.038 0.013 0.040 0.148 0.025 0.013 0.023 0.013 0.124 0.013 0.013 0.013 0.091 0.189 0.013 0.013 0.025 0.013  0.8223
0.239 0.013 0.013 0.013 0.013 0.013 0.013 0.014 0.013 0.164 0.082 0.013 0.205 0.025 0.013 0.018 0.075 0.013 0.013 0.027 0.013  0.7702
0.038 0.013 0.013 0.013 0.013 0.013 0.013 0.013 0.013 0.115 0.237 0.013 0.267 0.080 0.013 0.013 0.013 0.013 0.013 0.075 0.013  0.7511
0.038 0.029 0.013 0.140 0.013 0.029 0.196 0.013 0.013 0.044 0.025 0.033 0.013 0.182 0.013 0.119 0.025 0.013 0.025 0.014 0.013  0.8263
0.038 0.025 0.036 0.025 0.078 0.038 0.075 0.113 0.019 0.079 0.123 0.013 0.025 0.015 0.013 0.035 0.013 0.013 0.200 0.013 0.013  0.8705
0.025 0.013 0.013 0.013 0.014 0.013 0.013 0.013 0.013 0.097 0.272 0.013 0.135 0.190 0.013 0.025 0.018 0.013 0.013 0.073 0.013  0.7666
0.069 0.025 0.025 0.019 0.053 0.013 0.027 0.013 0.013 0.129 0.038 0.013 0.013 0.056 0.013 0.104 0.126 0.038 0.130 0.073 0.013  0.8895
0.055 0.038 0.038 0.063 0.175 0.054 0.144 0.038 0.013 0.068 0.025 0.033 0.031 0.027 0.025 0.025 0.036 0.013 0.025 0.055 0.019  0.9145
0.145 0.013 0.090 0.291 0.013 0.025 0.075 0.013 0.038 0.025 0.013 0.013 0.013 0.013 0.013 0.025 0.017 0.013 0.126 0.013 0.019  0.7895
0.025 0.031 0.025 0.025 0.013 0.035 0.062 0.013 0.028 0.021 0.013 0.194 0.013 0.013 0.038 0.301 0.025 0.013 0.022 0.038 0.054  0.8041
0.067 0.075 0.217 0.038 0.013 0.013 0.038 0.068 0.013 0.013 0.042 0.077 0.013 0.013 0.036 0.079 0.025 0.013 0.033 0.013 0.105  0.8765
0.063 0.017 0.013 0.156 0.013 0.055 0.146 0.013 0.025 0.086 0.025 0.040 0.013 0.013 0.013 0.041 0.075 0.013 0.025 0.035 0.123  0.8783
0.061 0.013 0.013 0.013 0.013 0.013 0.058 0.013 0.013 0.038 0.041 0.062 0.013 0.115 0.188 0.067 0.049 0.013 0.038 0.048 0.123  0.8786
0.070 0.019 0.049 0.120 0.013 0.036 0.062 0.013 0.017 0.025 0.025 0.054 0.016 0.164 0.013 0.038 0.057 0.013 0.013 0.032 0.153  0.8828
0.050 0.138 0.038 0.070 0.013 0.044 0.057 0.086 0.050 0.013 0.013 0.063 0.013 0.017 0.133 0.056 0.025 0.013 0.013 0.025 0.073  0.9106
0.039 0.083 0.094 0.041 0.025 0.033 0.043 0.016 0.086 0.044 0.038 0.060 0.032 0.013 0.019 0.079 0.031 0.013 0.091 0.046 0.073  0.9497
0.029 0.013 0.054 0.035 0.013 0.044 0.129 0.063 0.043 0.015 0.045 0.033 0.013 0.013 0.184 0.070 0.039 0.013 0.013 0.068 0.073  0.8976
0.062 0.025 0.025 0.042 0.013 0.025 0.051 0.025 0.013 0.111 0.068 0.063 0.020 0.098 0.025 0.025 0.059 0.013 0.025 0.140 0.073  0.9225
0.025 0.025 0.013 0.013 0.013 0.015 0.025 0.075 0.013 0.082 0.051 0.050 0.025 0.038 0.217 0.122 0.031 0.013 0.013 0.032 0.111  0.8664
0.078 0.075 0.025 0.115 0.013 0.025 0.142 0.013 0.038 0.038 0.050 0.038 0.025 0.017 0.026 0.040 0.033 0.013 0.013 0.065 0.121  0.9107
0.064 0.052 0.038 0.075 0.025 0.050 0.164 0.157 0.013 0.013 0.021 0.028 0.013 0.013 0.042 0.061 0.050 0.025 0.013 0.013 0.073  0.8948
0.100 0.013 0.025 0.013 0.013 0.013 0.013 0.013 0.013 0.071 0.440 0.013 0.013 0.059 0.013 0.013 0.013 0.013 0.038 0.030 0.073  0.7141
0.085 0.013 0.013 0.013 0.013 0.035 0.013 0.013 0.013 0.151 0.096 0.016 0.013 0.133 0.013 0.024 0.025 0.025 0.013 0.212 0.073  0.8257
0.059 0.084 0.053 0.024 0.013 0.028 0.059 0.013 0.031 0.015 0.038 0.180 0.013 0.013 0.041 0.079 0.079 0.013 0.041 0.054 0.073  0.9119
0.054 0.028 0.025 0.013 0.013 0.063 0.013 0.047 0.031 0.074 0.130 0.234 0.028 0.025 0.013 0.042 0.039 0.013 0.013 0.030 0.073  0.8722
0.046 0.013 0.013 0.013 0.013 0.013 0.013 0.013 0.013 0.182 0.325 0.013 0.033 0.013 0.013 0.013 0.013 0.013 0.013 0.152 0.073  0.7333
0.077 0.118 0.054 0.013 0.017 0.013 0.013 0.016 0.013 0.090 0.098 0.175 0.066 0.013 0.013 0.028 0.013 0.013 0.050 0.037 0.073  0.8783
0.140 0.028 0.075 0.072 0.013 0.042 0.119 0.043 0.027 0.038 0.013 0.130 0.013 0.013 0.013 0.063 0.050 0.013 0.013 0.013 0.073  0.8941
0.038 0.481 0.025 0.013 0.013 0.035 0.013 0.013 0.038 0.013 0.013 0.038 0.013 0.025 0.013 0.025 0.030 0.013 0.025 0.038 0.091  0.7061
0.025 0.013 0.013 0.025 0.013 0.013 0.013 0.013 0.015 0.029 0.129 0.013 0.025 0.057 0.013 0.013 0.013 0.013 0.338 0.038 0.182  0.7470
0.026 0.069 0.046 0.075 0.013 0.091 0.110 0.013 0.031 0.031 0.027 0.143 0.013 0.014 0.013 0.024 0.017 0.013 0.013 0.013 0.207  0.8532
0.048 0.013 0.054 0.058 0.013 0.044 0.184 0.025 0.014 0.032 0.038 0.052 0.030 0.013 0.013 0.016 0.070 0.013 0.013 0.056 0.205  0.8630
0.013 0.013 0.013 0.013 0.025 0.013 0.013 0.013 0.013 0.155 0.362 0.013 0.028 0.021 0.013 0.013 0.013 0.013 0.013 0.131 0.101  0.7223
0.058 0.038 0.035 0.092 0.013 0.013 0.037 0.013 0.020 0.038 0.025 0.228 0.016 0.013 0.025 0.125 0.041 0.013 0.013 0.033 0.114  0.8603
0.025 0.013 0.070 0.097 0.025 0.041 0.071 0.013 0.028 0.013 0.013 0.013 0.025 0.013 0.013 0.047 0.031 0.013 0.013 0.025 0.401  0.7604
0.025 0.050 0.029 0.090 0.013 0.013 0.130 0.013 0.013 0.013 0.033 0.077 0.013 0.013 0.013 0.019 0.013 0.013 0.013 0.013 0.395  0.7360
0.013 0.025 0.088 0.049 0.013 0.013 0.025 0.013 0.014 0.025 0.014 0.036 0.013 0.016 0.161 0.052 0.013 0.013 0.013 0.013 0.382  0.7401
0.043 0.019 0.042 0.199 0.013 0.013 0.091 0.019 0.025 0.013 0.013 0.083 0.013 0.025 0.062 0.072 0.014 0.013 0.013 0.013 0.205  0.8330
0.176 0.031 0.038 0.040 0.025 0.027 0.089 0.025 0.025 0.013 0.013 0.038 0.013 0.085 0.025 0.053 0.033 0.013 0.028 0.031 0.180  0.8828
0.039 0.016 0.026 0.102 0.038 0.038 0.152 0.013 0.013 0.019 0.013 0.065 0.048 0.013 0.033 0.062 0.046 0.013 0.062 0.013 0.180  0.8830
0.051 0.040 0.014 0.018 0.013 0.062 0.041 0.025 0.013 0.068 0.064 0.134 0.038 0.133 0.013 0.030 0.013 0.013 0.013 0.013 0.196  0.8658
0.035 0.016 0.023 0.031 0.016 0.038 0.155 0.013 0.025 0.034 0.031 0.035 0.013 0.030 0.013 0.032 0.032 0.031 0.178 0.025 0.196  0.8558
0.031 0.090 0.019 0.016 0.013 0.017 0.104 0.038 0.121 0.051 0.050 0.039 0.044 0.013 0.068 0.038 0.017 0.013 0.013 0.031 0.177  0.8946
0.024 0.038 0.013 0.028 0.013 0.013 0.029 0.013 0.013 0.209 0.220 0.013 0.063 0.022 0.013 0.025 0.027 0.013 0.013 0.025 0.177  0.7946
0.092 0.034 0.035 0.081 0.013 0.044 0.021 0.025 0.112 0.024 0.037 0.044 0.013 0.028 0.047 0.072 0.050 0.013 0.013 0.014 0.189  0.8997
0.027 0.025 0.024 0.145 0.019 0.025 0.275 0.016 0.013 0.013 0.025 0.027 0.013 0.013 0.025 0.044 0.020 0.013 0.031 0.013 0.196  0.7904
0.041 0.019 0.046 0.081 0.013 0.025 0.061 0.025 0.021 0.022 0.020 0.031 0.028 0.013 0.025 0.122 0.113 0.013 0.023 0.089 0.170  0.8939
0.013 0.091 0.013 0.013 0.015 0.025 0.013 0.021 0.029 0.083 0.030 0.025 0.013 0.053 0.013 0.013 0.013 0.013 0.291 0.050 0.174  0.7967
0.013 0.033 0.140 0.158 0.019 0.027 0.148 0.013 0.019 0.013 0.013 0.048 0.028 0.013 0.025 0.056 0.021 0.013 0.014 0.013 0.174  0.8355
0.060 0.044 0.054 0.130 0.013 0.013 0.075 0.013 0.013 0.013 0.069 0.048 0.013 0.038 0.013 0.031 0.025 0.112 0.038 0.015 0.174  0.8861
0.013 0.013 0.013 0.013 0.013 0.013 0.013 0.013 0.013 0.013 0.025 0.013 0.013 0.568 0.013 0.013 0.013 0.013 0.020 0.013 0.174  0.5687
0.050 0.013 0.013 0.025 0.044 0.036 0.056 0.013 0.025 0.054 0.122 0.053 0.079 0.031 0.013 0.072 0.013 0.013 0.015 0.088 0.174  0.8978
0.067 0.065 0.065 0.038 0.013 0.052 0.153 0.013 0.021 0.025 0.013 0.192 0.013 0.013 0.013 0.020 0.013 0.013 0.013 0.017 0.174  0.8327
0.169 0.038 0.021 0.028 0.013 0.013 0.040 0.013 0.025 0.025 0.048 0.035 0.052 0.022 0.013 0.102 0.111 0.013 0.013 0.029 0.180  0.8666
0.013 0.013 0.013 0.013 0.013 0.013 0.013 0.013 0.016 0.013 0.055 0.013 0.013 0.153 0.013 0.013 0.013 0.019 0.383 0.013 0.186  0.6867
0.031 0.033 0.029 0.013 0.025 0.035 0.037 0.070 0.013 0.013 0.041 0.082 0.013 0.025 0.118 0.126 0.019 0.013 0.013 0.026 0.227  0.8606
0.013 0.054 0.045 0.088 0.013 0.013 0.077 0.013 0.013 0.031 0.078 0.016 0.013 0.013 0.013 0.041 0.038 0.013 0.013 0.032 0.373  0.7776
0.013 0.032 0.064 0.040 0.013 0.013 0.019 0.013 0.013 0.013 0.013 0.078 0.013 0.013 0.013 0.026 0.019 0.013 0.013 0.013 0.558  0.6240
0.013 0.015 0.051 0.016 0.013 0.013 0.013 0.013 0.017 0.019 0.013 0.019 0.013 0.022 0.015 0.025 0.016 0.013 0.013 0.013 0.660  0.5343
